0 -0.975 -0.925 0.50. 0.05
0 -0.475 -0.925 0.05 0.25
0 0.475 -0.925 0.50 0.05
0 0.425 -0.925 0.05 0.25
0 -0.425 -0.925 0.85 0.05
0 -0.975 0.075 0.50. 0.05
0 -0.475 -0.125 0.05 0.25
0 0.475 0.075 0.50 0.05
0 0.425 -0.125 0.05 0.25
0 -0.425 0.075 0.85 0.05
0 -0.975 -0.875 0.05 0.95
0 0.925 -0.875 0.05 0.95
0 0.625 -0.125 0.15 0.05
0 0.725 -0.325 0.05 0.20
0 0.625 -0.725 0.15 0.05
0 0.725 -0.675 0.05 0.20
0 0.425 -0.525 0.15 0.05
0 0.425 -0.325 0.15 0.05
0 -0.775 -0.125 0.15 0.05
0 -0.775 -0.325 0.05 0.20
0 -0.775 -0.725 0.15 0.05
0 -0.775 -0.675 0.05 0.20
0 -0.575 -0.525 0.15 0.05
0 -0.575 -0.325 0.15 0.05
0 -0.275 -0.725 0.55 0.05
0 -0.275 -0.125 0.55 0.05
0 -0.275 -0.325 0.55 0.05
0 -0.275 -0.525 0.05 0.20
0 0.225 -0.525 0.05 0.20
0 -0.225 -0.525 0.1 0.05
0 0.125 -0.525 0.1 0.05
1 0.275, -0.675 0.15 0.15
1 -0.425, -0.675 0.15 0.15
1 -0.425, -0.475 0.15 0.15
1 -0.425, -0.275 0.15 0.15
1 0.275, -0.275 0.15 0.15
1 0.275, -0.475 0.15 0.15
1 0.475, -0.275 0.15 0.15
1 0.475, -0.675 0.15 0.15
1 -0.625, -0.675 0.15 0.15
1 -0.625, -0.275 0.15 0.15
1 0.575, -0.475 0.15 0.15
1 -0.725, -0.475 0.15 0.15
1 0.775, -0.475 0.15 0.15
1 -0.925, -0.475 0.15 0.15
1 -0.075 -0.5 0.15 0.15
2 -0.07, -0.5
